- OS: Windows-10-10.0.26100-SP0 10.0.26100
- Python: 3.8.20
- Stable-Baselines3: 2.4.1
- PyTorch: 2.4.1+cu124
- GPU Enabled: True
- Numpy: 1.24.4
- Cloudpickle: 3.1.1
- Gymnasium: 1.0.0
